p_val	avg_logFC	pct.1	pct.2	p_val_adj	cluster	gene
FGFBP2	0	2.12192861559285	0.813	0.054	0	0	FGFBP2
GZMB	0	1.74449595613752	0.911	0.26	0	0	GZMB
GZMH	0	1.73659883474815	0.874	0.272	0	0	GZMH
S100A4	0	1.42438411855838	0.919	0.478	0	0	S100A4
FCGR3A	0	1.40148089340363	0.837	0.206	0	0	FCGR3A
HSPA6	0	1.3988133198805	0.438	0.199	0	0	HSPA6
MT2A	0	1.34123160738653	0.774	0.548	0	0	MT2A
HSPA1B	0	1.30399015768129	0.569	0.356	0	0	HSPA1B
GNLY	0	1.23993311426303	0.9	0.355	0	0	GNLY
LGALS1	0	1.12907619522655	0.762	0.312	0	0	LGALS1
HSPA1A	0	1.09731056888851	0.714	0.527	0	0	HSPA1A
ARL4C	0	1.08424950852073	0.897	0.469	0	0	ARL4C
LAIR2	0	1.02979864382782	0.396	0.013	0	0	LAIR2
S100A6	0	0.998872065163664	0.855	0.424	0	0	S100A6
EMP3	0	0.995265392622755	0.783	0.297	0	0	EMP3
CD52	0	0.977424871743773	0.6	0.171	0	0	CD52
DNAJB1	0	0.930750415114132	0.847	0.74	0	0	DNAJB1
SH3BGRL3	0	0.924327642837384	0.968	0.774	0	0	SH3BGRL3
IFNG	0	0.838653009375229	0.72	0.496	0	0	IFNG
ANXA1	0	0.829764610188664	0.863	0.579	0	0	ANXA1
MYOM2	0	0.825181887417947	0.262	0.016	0	0	MYOM2
GTF3C1	0	0.819442399499989	0.415	0.092	0	0	GTF3C1
IGFBP7	0	0.802331658709376	0.362	0.045	0	0	IGFBP7
SYNE2	0	0.801594365317242	0.579	0.191	0	0	SYNE2
HLA-DPB1	0	0.800510906000855	0.601	0.214	0	0	HLA-DPB1
CCL4L2	0	0.775664748884914	0.712	0.524	0	0	CCL4L2
LYAR	0	0.747238138080579	0.436	0.097	0	0	LYAR
SPON2	0	0.74392627723705	0.806	0.588	0	0	SPON2
HSP90AA1	0	0.719002321745944	0.989	0.986	0	0	HSP90AA1
C12orf75	0	0.716305528442019	0.517	0.176	0	0	C12orf75
DSTN	0	0.679168544215929	0.497	0.193	0	0	DSTN
HOPX	0	0.675282839272523	0.734	0.417	0	0	HOPX
CACYBP	0	0.65169084109668	0.614	0.427	0	0	CACYBP
SYNE1	0	0.629642590636002	0.424	0.126	0	0	SYNE1
PRF1	0	0.626147640228456	0.728	0.523	0	0	PRF1
CYBA	0	0.615725134775578	0.98	0.912	0	0	CYBA
HLA-DPA1	0	0.614763511402754	0.59	0.308	0	0	HLA-DPA1
KLF2	0	0.612013486869746	0.96	0.792	0	0	KLF2
HSPA8	0	0.610749975406697	0.974	0.943	0	0	HSPA8
HLA-DRB1	0	0.595115416743204	0.512	0.262	0	0	HLA-DRB1
PPP2R5C	0	0.594582924687909	0.775	0.526	0	0	PPP2R5C
NEAT1	0	0.587494949383013	0.974	0.914	0	0	NEAT1
ADGRG1	0	0.585475248338539	0.334	0.061	0	0	ADGRG1
CAST	0	0.57846403575214	0.579	0.261	0	0	CAST
AHNAK	0	0.541645327157016	0.431	0.158	0	0	AHNAK
CD3E	0	0.531348731781219	0.554	0.379	0	0	CD3E
SERPINB9	0	0.529095517581985	0.334	0.1	0	0	SERPINB9
PLEK	0	0.519958298142625	0.527	0.285	0	0	PLEK
JUN	0	0.51597068215727	0.976	0.922	0	0	JUN
CDC42EP3	0	0.515639208010975	0.382	0.159	0	0	CDC42EP3
TXNIP	0	0.503899121879969	0.796	0.672	0	0	TXNIP
MTSS1	0	0.50355832909231	0.251	0.027	0	0	MTSS1
ZEB2	0	0.494440391557514	0.741	0.548	0	0	ZEB2
FTL	0	0.486995127492086	0.99	0.965	0	0	FTL
NKG7	0	0.473267198370553	0.998	0.992	0	0	NKG7
TOB1	0	0.46873178263403	0.415	0.195	0	0	TOB1
FLNA	0	0.46385849627122	0.468	0.242	0	0	FLNA
BPGM	0	0.463008362301928	0.27	0.089	0	0	BPGM
TMBIM1	0	0.459769810014459	0.34	0.117	0	0	TMBIM1
S100A10	0	0.45764712927413	0.85	0.699	0	0	S100A10
IL32	0	0.452768045445004	0.68	0.476	0	0	IL32
EFHD2	0	0.439303095569671	0.843	0.71	0	0	EFHD2
CD99	0	0.434203611829289	0.877	0.732	0	0	CD99
CAPN2	0	0.419957046248736	0.263	0.066	0	0	CAPN2
KLF3	0	0.418595535463758	0.408	0.215	0	0	KLF3
CST7	0	0.408478004963656	0.98	0.954	0	0	CST7
CEP78	0	0.408262412250297	0.326	0.142	0	0	CEP78
C1orf21	0	0.401828888784182	0.397	0.201	0	0	C1orf21
RAB29	0	0.400189216005701	0.323	0.136	0	0	RAB29
TRBC1	0	0.392948332591358	0.722	0.54	0	0	TRBC1
SH3BP5	0	0.374332431853017	0.266	0.097	0	0	SH3BP5
BIN2	0	0.368582209197541	0.623	0.441	0	0	BIN2
B2M	0	0.364201825059927	1	1	0	0	B2M
AES	0	0.330099833762808	0.805	0.681	0	0	AES
ARPC2	0	0.318949029478248	0.927	0.858	0	0	ARPC2
HLA-C	0	0.312844519995182	1	1	0	0	HLA-C
CCL5	0	0.294886019033433	0.942	0.851	0	0	CCL5
HLA-E	0	0.292824162525406	0.994	0.988	0	0	HLA-E
MALAT1	0	0.2684665776999	1	1	0	0	MALAT1
CEBPB	4.03491942078286e-295	0.398333664779745	0.474	0.273	8.66377898030495e-291	0	CEBPB
SERPINB1	9.82307911596489e-292	0.406044640659812	0.481	0.296	2.10921154777998e-287	0	SERPINB1
MT1X	4.02238573218685e-285	1.47740208622837	0.428	0.245	8.63686664415161e-281	0	MT1X
CD48	2.45805614905182e-283	0.316839807535288	0.78	0.648	5.27793816324407e-279	0	CD48
TTC38	4.0419999120596e-270	0.35997321405936	0.322	0.153	8.67898221117436e-266	0	TTC38
ADRB2	1.21873061503091e-268	0.375638241378018	0.314	0.147	2.61685837659437e-264	0	ADRB2
LRRFIP1	4.53668109840501e-263	0.352034932499623	0.712	0.564	9.74116165449524e-259	0	LRRFIP1
HSPB1	1.14309695898111e-234	0.503956381433753	0.504	0.34	2.45445779032424e-230	0	HSPB1
TNF	6.64824703572667e-234	0.583437660964938	0.275	0.128	1.42751160351123e-229	0	TNF
CLEC2D	6.38033280165912e-233	0.33548237293893	0.29	0.14	1.36998505917225e-228	0	CLEC2D
PLAC8	7.92714313472345e-231	0.343405101079614	0.622	0.464	1.70211617388782e-226	0	PLAC8
PIM1	1.05761182131899e-226	0.394600243154833	0.456	0.287	2.27090410273613e-222	0	PIM1
ZFAND2A	1.01338319708338e-223	0.592402461999984	0.463	0.307	2.17593640077744e-219	0	ZFAND2A
PSMB9	1.8081600314726e-223	0.323056178801559	0.565	0.406	3.88248121957797e-219	0	PSMB9
MBP	3.80261785052844e-218	0.324311351641546	0.54	0.384	8.16498104865467e-214	0	MBP
RIPOR2	2.85807442823705e-216	0.313691443443592	0.287	0.141	6.13685741231059e-212	0	RIPOR2
DHRS7	3.56568679586537e-207	0.300728841154111	0.562	0.407	7.65624268808211e-203	0	DHRS7
TECR	3.03389432951007e-203	0.31197585499192	0.372	0.221	6.51437790432401e-199	0	TECR
GLRX	2.80760630522198e-202	0.379918860323408	0.4	0.248	6.02849225857263e-198	0	GLRX
MYO1G	4.46546923303706e-202	0.29960231394031	0.3	0.157	9.58825553717718e-198	0	MYO1G
IGKC	5.60751406640916e-196	0.430178347038724	0.426	0.26	1.20404542033938e-191	0	IGKC
IER3	2.40118424686293e-194	0.412602171177886	0.523	0.371	5.15582281486407e-190	0	IER3
BIN1	2.24303828929842e-193	0.293792533431652	0.371	0.222	4.81625181478156e-189	0	BIN1
DOK2	6.69100916257812e-191	0.32651905521217	0.696	0.574	1.43669348738877e-186	0	DOK2
PTP4A2	4.82238540955838e-187	0.277330985783812	0.682	0.555	1.03546259514038e-182	0	PTP4A2
PRNP	7.13338125586528e-183	0.282116676225476	0.28	0.146	1.53167962325939e-178	0	PRNP
YWHAQ	1.19430495981356e-182	0.286932564921306	0.621	0.491	2.56441160971168e-178	0	YWHAQ
ARL6IP5	7.33435000966556e-181	0.303322385622834	0.697	0.588	1.57483163407539e-176	0	ARL6IP5
OASL	1.38606340450904e-176	0.303363052245708	0.28	0.148	2.97615534216182e-172	0	OASL
MRPL18	2.82343894012555e-176	0.388912798943835	0.364	0.227	6.06248809223758e-172	0	MRPL18
PRDM1	2.95187935048075e-176	0.306506781048883	0.405	0.258	6.33827534135226e-172	0	PRDM1
ARRB2	4.32755517919765e-172	0.255874944447196	0.255	0.129	9.2921264807732e-168	0	ARRB2
SORL1	5.45694512868394e-170	0.272265310893547	0.26	0.135	1.17171525803102e-165	0	SORL1
UBE2F	1.35101599281836e-166	0.283253787204327	0.35	0.215	2.90090153977959e-162	0	UBE2F
NDUFB7	3.44828422015713e-165	0.277288695508728	0.391	0.254	7.40415587752139e-161	0	NDUFB7
BIRC3	5.02985521926298e-164	0.319024770025691	0.307	0.176	1.08001051268015e-159	0	BIRC3
PDE4D	7.23002211442715e-163	0.290529178414482	0.36	0.225	1.5524303484098e-158	0	PDE4D
CHORDC1	1.99038877926865e-162	0.353289530484134	0.46	0.327	4.27376278684564e-158	0	CHORDC1
GIMAP4	2.12624717204246e-161	0.271005943134286	0.258	0.135	4.56547792780957e-157	0	GIMAP4
GNG2	1.54812994483074e-159	0.278346868149002	0.676	0.558	3.32414461754056e-155	0	GNG2
PRKCB	1.60775677903927e-159	0.26379597506403	0.303	0.176	3.45217535595311e-155	0	PRKCB
HSPH1	1.70661221680165e-158	0.485354937312928	0.579	0.46	3.66443775191651e-154	0	HSPH1
ADD3	3.46985457809004e-158	0.269284440440407	0.304	0.177	7.45047175007493e-154	0	ADD3
CD300A	1.30719678180151e-157	0.268838993885856	0.279	0.154	2.8068129298842e-153	0	CD300A
PHLDA1	4.17399881369537e-157	0.347339769866504	0.409	0.274	8.9624102527667e-153	0	PHLDA1
CARD16	7.59398147645846e-154	0.307436412751446	0.464	0.332	1.63057970262516e-149	0	CARD16
CCL4	1.15103330180343e-151	0.424112671636423	0.939	0.895	2.47149870563231e-147	0	CCL4
VMP1	2.43032062170085e-151	0.296738602168113	0.348	0.221	5.21838443891607e-147	0	VMP1
SLC20A1	1.7497109561012e-140	0.272919901379591	0.333	0.211	3.7569793649405e-136	0	SLC20A1
FKBP4	3.07315898860721e-136	0.285646746708736	0.269	0.154	6.59868698033739e-132	0	FKBP4
MYO1F	2.20188978100082e-135	0.252409030314738	0.369	0.246	4.72789773776495e-131	0	MYO1F
EBP	1.3851689080752e-134	0.263923411582837	0.39	0.267	2.97423467941907e-130	0	EBP
SNHG15	4.92100872421675e-134	0.262877584971518	0.47	0.347	1.05663899326382e-129	0	SNHG15
CDKN2D	1.80513418749475e-133	0.251541792319688	0.521	0.396	3.87598412738873e-129	0	CDKN2D
SOD1	1.54392746100373e-132	0.253210461432742	0.651	0.541	3.31512104426721e-128	0	SOD1
BHLHE40	4.08795452128024e-131	0.289216732182425	0.691	0.603	8.77765594809293e-127	0	BHLHE40
UCP2	6.21458027165381e-131	0.253095239011139	0.543	0.42	1.33439467592951e-126	0	UCP2
SAT1	6.8052002472638e-131	0.302687720989298	0.843	0.783	1.46121259709248e-126	0	SAT1
RRBP1	1.0570214608424e-129	0.258981489279716	0.29	0.177	2.2696364807208e-125	0	RRBP1
MXD1	1.38715930290274e-127	0.267495571908952	0.26	0.152	2.97850845519277e-123	0	MXD1
PYHIN1	9.69095895606098e-125	0.251802498951975	0.442	0.32	2.08084270704541e-120	0	PYHIN1
DEDD2	2.529695254975e-119	0.285339369351074	0.385	0.27	5.43176165148232e-115	0	DEDD2
UAP1	6.55192863215753e-113	0.263049749296104	0.341	0.232	1.40683011589687e-108	0	UAP1
RGS2	1.35084282551254e-110	0.281417294467312	0.573	0.463	2.90052971494052e-106	0	RGS2
ATF3	1.94286097123533e-106	0.371100162694935	0.495	0.394	4.1717110774365e-102	0	ATF3
HLA-DRA	4.80649983442525e-100	0.291477226742213	0.256	0.162	1.03205164444779e-95	0	HLA-DRA
KLRC2	7.84884010841765e-94	0.263866678912093	0.251	0.159	1.68530294807944e-89	0	KLRC2
AHSA1	2.9511163293514e-90	0.253051509198392	0.421	0.325	6.33663698238333e-86	0	AHSA1
XCL1	0	1.23148787725717	0.795	0.386	0	1	XCL1
GZMK	0	1.22857087167319	0.855	0.302	0	1	GZMK
CD160	0	0.909891675292315	0.782	0.386	0	1	CD160
COTL1	0	0.900124904801604	0.636	0.217	0	1	COTL1
CEBPD	0	0.818073031751493	0.79	0.438	0	1	CEBPD
IFRD1	0	0.812606269588175	0.919	0.709	0	1	IFRD1
FCER1G	0	0.812040287135086	0.944	0.558	0	1	FCER1G
KLRB1	0	0.804627978094291	0.972	0.633	0	1	KLRB1
GSTP1	0	0.792003200786179	0.948	0.783	0	1	GSTP1
IRF8	0	0.78748173793293	0.708	0.355	0	1	IRF8
SPRY1	0	0.783890179330921	0.439	0.097	0	1	SPRY1
PIK3R1	0	0.745491667880073	0.891	0.611	0	1	PIK3R1
ATP1B3	0	0.745302401691494	0.831	0.584	0	1	ATP1B3
FAM177A1	0	0.737987947003228	0.894	0.655	0	1	FAM177A1
CD7	0	0.73006085268098	0.989	0.84	0	1	CD7
SPRY2	0	0.722193668302613	0.503	0.165	0	1	SPRY2
AREG	0	0.706546339322148	0.885	0.616	0	1	AREG
ALOX5AP	0	0.687744021754892	0.86	0.573	0	1	ALOX5AP
TOX2	0	0.658175112959292	0.317	0.037	0	1	TOX2
TMIGD2	0	0.648957676767478	0.593	0.251	0	1	TMIGD2
ID1	0	0.630585993180186	0.478	0.253	0	1	ID1
METTL9	0	0.61389651493828	0.581	0.291	0	1	METTL9
CMC1	0	0.61217730007561	0.913	0.758	0	1	CMC1
ZNF331	0	0.601203339999129	0.811	0.575	0	1	ZNF331
CEMIP2	0	0.581395837446441	0.807	0.603	0	1	CEMIP2
ZBTB16	0	0.579385405273484	0.529	0.242	0	1	ZBTB16
KLRC1	0	0.575151672548057	0.537	0.265	0	1	KLRC1
MAP3K8	0	0.570050786449097	0.872	0.697	0	1	MAP3K8
TLE1	0	0.568225206112787	0.559	0.314	0	1	TLE1
TYROBP	0	0.566958051674658	0.982	0.781	0	1	TYROBP
YPEL5	0	0.558481267268579	0.95	0.832	0	1	YPEL5
RGS1	0	0.556438674248844	0.758	0.525	0	1	RGS1
PABPC1	0	0.542663396519662	0.986	0.909	0	1	PABPC1
B3GNT7	0	0.540797943284355	0.412	0.155	0	1	B3GNT7
MAPK1	0	0.538662765223825	0.718	0.491	0	1	MAPK1
CLDND1	0	0.531319296149534	0.512	0.256	0	1	CLDND1
CD96	0	0.527764694426278	0.692	0.431	0	1	CD96
SRGN	0	0.521564676306096	1	0.993	0	1	SRGN
AP3S1	0	0.518639518077012	0.479	0.241	0	1	AP3S1
CD81	0	0.515272737140917	0.929	0.792	0	1	CD81
CHKA	0	0.51155449380385	0.308	0.084	0	1	CHKA
PDE4B	0	0.504306449845027	0.523	0.257	0	1	PDE4B
HSPA5	0	0.500844638371015	0.97	0.914	0	1	HSPA5
IFITM2	0	0.500715301095203	0.991	0.953	0	1	IFITM2
EIF4A3	0	0.499406796673361	0.691	0.519	0	1	EIF4A3
RBM38	0	0.49855714637001	0.788	0.574	0	1	RBM38
CYCS	0	0.497915192230497	0.949	0.873	0	1	CYCS
NR4A2	0	0.493966867764084	0.894	0.783	0	1	NR4A2
TESC	0	0.492375210075304	0.307	0.102	0	1	TESC
CCNH	0	0.488355651044508	0.758	0.563	0	1	CCNH
XCL2	0	0.486196416716637	0.869	0.664	0	1	XCL2
NUCB2	0	0.482381774298787	0.51	0.279	0	1	NUCB2
RANBP2	0	0.482352619333732	0.437	0.223	0	1	RANBP2
PDCD4	0	0.463808177791304	0.698	0.459	0	1	PDCD4
IL2RB	0	0.461565809513434	0.543	0.344	0	1	IL2RB
LPIN1	0	0.458414411440999	0.45	0.237	0	1	LPIN1
CTDP1	0	0.453286963236124	0.37	0.156	0	1	CTDP1
PDE7A	0	0.451557792972015	0.484	0.254	0	1	PDE7A
LDHA	0	0.450564589180922	0.896	0.811	0	1	LDHA
ARHGDIB	0	0.450196926237525	0.949	0.872	0	1	ARHGDIB
LEPROTL1	0	0.441471862634489	0.714	0.532	0	1	LEPROTL1
SOCS1	0	0.441232882393853	0.736	0.565	0	1	SOCS1
EML4	0	0.432746985484642	0.634	0.422	0	1	EML4
OFD1	0	0.43229731243294	0.637	0.448	0	1	OFD1
TUBB4B	0	0.425888224975136	0.951	0.875	0	1	TUBB4B
LAT2	0	0.419789226866188	0.506	0.286	0	1	LAT2
TXK	0	0.418546899597627	0.569	0.363	0	1	TXK
FOS	0	0.412652044281816	0.991	0.958	0	1	FOS
IFITM3	0	0.41030411116637	0.64	0.428	0	1	IFITM3
TENT5C	0	0.409333057990096	0.617	0.409	0	1	TENT5C
PTP4A1	0	0.401929695204654	0.614	0.426	0	1	PTP4A1
TIPARP	0	0.400371805914851	0.593	0.402	0	1	TIPARP
FOSB	0	0.395961289057828	0.92	0.811	0	1	FOSB
ARHGAP9	0	0.394096765942543	0.706	0.511	0	1	ARHGAP9
SERTAD1	0	0.392089832744541	0.888	0.805	0	1	SERTAD1
SLC35E1	0	0.390777391076327	0.369	0.185	0	1	SLC35E1
RAB11FIP1	0	0.388875089182696	0.587	0.385	0	1	RAB11FIP1
DHRS3	0	0.386190932128597	0.401	0.21	0	1	DHRS3
CHPT1	0	0.38126210021949	0.296	0.116	0	1	CHPT1
MATK	0	0.374063594722242	0.713	0.53	0	1	MATK
H3F3B	0	0.37125494903051	1	0.998	0	1	H3F3B
STK17A	0	0.370059388964106	0.844	0.699	0	1	STK17A
NFKBIA	0	0.364369401253671	0.993	0.988	0	1	NFKBIA
GYPC	0	0.364335963777115	0.758	0.585	0	1	GYPC
IER2	0	0.345807017314952	0.995	0.984	0	1	IER2
RPLP1	0	0.339585006863761	1	1	0	1	RPLP1
FYN	0	0.331681005382409	0.817	0.672	0	1	FYN
SRSF2	0	0.321960933956184	0.93	0.839	0	1	SRSF2
PTMA	0	0.288873291133065	1	0.998	0	1	PTMA
ACTG1	0	0.274420612811078	0.996	0.99	0	1	ACTG1
ACTB	0	0.264351966016469	1	0.999	0	1	ACTB
GADD45B	0	0.255263690421406	0.992	0.97	0	1	GADD45B
BTG1	0	0.25010797744844	0.999	0.997	0	1	BTG1
CCL3	2.08188711329079e-302	0.393673163033427	0.847	0.663	4.47022800965798e-298	1	CCL3
GADD45G	5.43282433441235e-302	0.511697191760142	0.459	0.268	1.16653604108502e-297	1	GADD45G
ZFAND5	1.87272011197526e-291	0.433665526400546	0.735	0.599	4.02110462443329e-287	1	ZFAND5
PNRC1	8.27920521925537e-291	0.250532150419007	0.982	0.957	1.77771094467851e-286	1	PNRC1
ICAM1	1.27710392738269e-290	0.455409062428401	0.465	0.281	2.74219755287612e-286	1	ICAM1
MT-ND1	2.52183159989297e-284	0.254643960217786	0.992	0.979	5.41487681129018e-280	1	MT-ND1
FOSL2	3.73439671301939e-282	0.346615908213215	0.736	0.568	8.01849662219523e-278	1	FOSL2
TMEM156	3.695050815782e-281	0.350170838679218	0.271	0.115	7.93401311164711e-277	1	TMEM156
WDR74	4.66066309733867e-281	0.478681911220171	0.379	0.209	1.00073758026056e-276	1	WDR74
YES1	3.57589291107465e-279	0.367992440674066	0.445	0.259	7.67815725865949e-275	1	YES1
TSC22D3	5.78956802113666e-269	0.296603780364292	0.975	0.939	1.24313604549846e-264	1	TSC22D3
NCL	1.47019628591459e-268	0.280681253592377	0.925	0.852	3.1568054651158e-264	1	NCL
PRMT9	6.05685249463294e-268	0.365898052473267	0.297	0.139	1.30052736764758e-263	1	PRMT9
ITM2B	6.5529692917566e-268	0.275205519201253	0.932	0.874	1.40705356632598e-263	1	ITM2B
PABPC4	9.7599986076155e-267	0.376528235255055	0.418	0.243	2.0956669010272e-262	1	PABPC4
ZFP36	1.54083580804873e-265	0.317002888278819	0.986	0.953	3.30848264704224e-261	1	ZFP36
ERGIC1	6.08834919198197e-265	0.328585142463382	0.343	0.176	1.30729033850237e-260	1	ERGIC1
CD38	5.90004713342358e-262	0.354107233118518	0.412	0.234	1.26685812048871e-257	1	CD38
BCL2A1	2.45050794763998e-261	0.494119390064196	0.473	0.3	5.26173066517257e-257	1	BCL2A1
ETF1	1.67397789021949e-259	0.360285556903464	0.461	0.286	3.59436532587929e-255	1	ETF1
TGFB1	7.56338981318633e-259	0.285985970699037	0.877	0.78	1.62401106068737e-254	1	TGFB1
H2AFJ	9.2194935607703e-257	0.427477715929976	0.624	0.462	1.9796096573686e-252	1	H2AFJ
MCTP2	3.60621491041624e-255	0.352946250649415	0.433	0.259	7.74326465564575e-251	1	MCTP2
BZW1	3.72951990929209e-254	0.298754259056357	0.843	0.733	8.00802514923197e-250	1	BZW1
SNHG7	6.22293595152873e-251	0.382017797568627	0.591	0.425	1.33618880751225e-246	1	SNHG7
SRSF5	1.97839774139258e-247	0.252310304407934	0.939	0.879	4.24801563031815e-243	1	SRSF5
USP36	3.75574631149454e-247	0.364331713775608	0.37	0.208	8.06433848004107e-243	1	USP36
JAK1	1.23804430689227e-246	0.283923647208003	0.834	0.72	2.65832873575907e-242	1	JAK1
LIMS1	3.98669143086886e-243	0.332019328954584	0.331	0.172	8.56022384036161e-239	1	LIMS1
SFPQ	1.1743440319765e-241	0.282707731675206	0.845	0.739	2.52155150545994e-237	1	SFPQ
SLFN13	3.34150307765933e-240	0.342470054697032	0.354	0.194	7.17487540835011e-236	1	SLFN13
VPS37B	9.35805516855954e-240	0.335956497481052	0.593	0.425	2.00936160579311e-235	1	VPS37B
AC020916.1	7.64339558778565e-236	0.405200238423056	0.645	0.479	1.64118990060933e-231	1	AC020916.1
HELZ	9.23650033315581e-235	0.330542692510797	0.417	0.251	1.98326135153521e-230	1	HELZ
TMEM141	2.12269291921253e-233	0.327874268638021	0.315	0.163	4.55784623613314e-229	1	TMEM141
POLR2L	8.95712514872317e-233	0.299374450630327	0.74	0.61	1.92327391193384e-228	1	POLR2L
CTSZ	3.97566137293627e-229	0.29385836642344	0.268	0.126	8.53654009996877e-225	1	CTSZ
METRNL	5.80705546340584e-225	0.323428595554997	0.826	0.721	1.2468909491025e-220	1	METRNL
KRT86	7.3304060376793e-223	0.617088247364163	0.279	0.139	1.5739847844105e-218	1	KRT86
HERPUD1	5.22648030860467e-221	0.299432670818734	0.831	0.726	1.1222298518636e-216	1	HERPUD1
AC044849.1	6.98416077367212e-220	0.346378416148322	0.74	0.611	1.49963900132288e-215	1	AC044849.1
H2AFX	5.31759704759725e-218	0.303832558546986	0.725	0.592	1.14179443806008e-213	1	H2AFX
CRYBG1	4.9220430928186e-217	0.337919219292008	0.424	0.261	1.05686109289001e-212	1	CRYBG1
PARP8	3.92969060844864e-216	0.319399463156768	0.557	0.403	8.43783167446093e-212	1	PARP8
DDIT4	3.22471937714881e-215	0.277452417813317	0.854	0.742	6.92411744661393e-211	1	DDIT4
PIP4K2A	6.48762759924031e-214	0.295294871354723	0.733	0.612	1.39302339810888e-209	1	PIP4K2A
SKP1	1.65654945341597e-213	0.25140388252325	0.876	0.792	3.55694298637478e-209	1	SKP1
ADGRE5	5.93391471241957e-213	0.296978506328981	0.814	0.7	1.27413016705073e-208	1	ADGRE5
CD63	1.41343822734945e-210	0.254605764769239	0.843	0.738	3.03493456176474e-206	1	CD63
UBE2S	6.39877215703317e-209	0.274737357172934	0.871	0.798	1.37394435755816e-204	1	UBE2S
CALR	1.00266169612591e-205	0.264988142511712	0.861	0.772	2.15291519392156e-201	1	CALR
SERBP1	2.92250306563541e-201	0.283416749500844	0.715	0.588	6.27519858253236e-197	1	SERBP1
EVL	1.10422022994905e-199	0.258278904552634	0.769	0.642	2.3709816777466e-195	1	EVL
MAZ	2.58084084063163e-199	0.311096684537648	0.545	0.395	5.54158145300423e-195	1	MAZ
PIK3IP1	3.52524029584669e-198	0.275871164394775	0.715	0.579	7.56939596324201e-194	1	PIK3IP1
ETS1	6.74838934390193e-198	0.283640173710187	0.752	0.631	1.44901415992262e-193	1	ETS1
SH2D1A	7.33766002764391e-197	0.316594317786253	0.388	0.24	1.5755423611357e-192	1	SH2D1A
BCL2L11	1.55812145904706e-195	0.324321055113368	0.363	0.217	3.34559839686586e-191	1	BCL2L11
TMEM243	1.86238713225625e-194	0.323336814731259	0.405	0.257	3.99891765038061e-190	1	TMEM243
PIM2	1.19421127058446e-193	0.334213796141324	0.435	0.285	2.56421044019895e-189	1	PIM2
ATF4	6.92532826737679e-193	0.285551642461433	0.641	0.497	1.48700648557115e-188	1	ATF4
ELF1	4.29303394375825e-192	0.26299154450257	0.793	0.677	9.21800248403772e-188	1	ELF1
GUK1	9.39987307118056e-184	0.259547499300495	0.813	0.724	2.01834074584389e-179	1	GUK1
RNF125	1.98860045112997e-183	0.293060429208781	0.561	0.414	4.26992288866627e-179	1	RNF125
APMAP	2.17855865746742e-183	0.264721220109031	0.698	0.566	4.67780114931405e-179	1	APMAP
IRF2BP2	3.87132623657677e-183	0.307035552515272	0.565	0.423	8.31251169517764e-179	1	IRF2BP2
PPP1CB	4.19666683805498e-180	0.286566413834413	0.577	0.431	9.01108303467166e-176	1	PPP1CB
SIK3	3.8494427744199e-179	0.295336217741037	0.393	0.249	8.2655235252344e-175	1	SIK3
ARF6	1.40631599934222e-178	0.268056834923507	0.753	0.643	3.01964171378762e-174	1	ARF6
AC007952.4	4.16566399526147e-178	0.36528451762273	0.365	0.224	8.94451373062543e-174	1	AC007952.4
REL	6.12145681539536e-178	0.259080929272789	0.912	0.852	1.31439920740169e-173	1	REL
CSRNP1	1.21851912021379e-177	0.278028835936976	0.778	0.669	2.61640425492305e-173	1	CSRNP1
DDX24	1.40843611977656e-173	0.250917796849461	0.853	0.78	3.02419403638422e-169	1	DDX24
NAP1L4	2.48555448720267e-171	0.293216933730228	0.499	0.359	5.33698259492156e-167	1	NAP1L4
CASP3	3.38612678420873e-169	0.275049907313118	0.268	0.144	7.27069143105299e-165	1	CASP3
EIF4G2	3.16384523934805e-166	0.252371016187344	0.689	0.563	6.79340849792814e-162	1	EIF4G2
FKBP11	5.91519027333546e-166	0.28802102186325	0.521	0.381	1.27010965549059e-161	1	FKBP11
WIPF1	1.19192184565376e-164	0.255392509970166	0.656	0.516	2.55929458698775e-160	1	WIPF1
RAB8B	1.51496185019916e-164	0.271206147537786	0.611	0.468	3.25292608474764e-160	1	RAB8B
EIF3G	8.35970662262035e-162	0.262908496558094	0.801	0.716	1.79499620600904e-157	1	EIF3G
ACAP1	1.20776276868805e-161	0.256559217304834	0.6	0.461	2.59330821692697e-157	1	ACAP1
SURF4	1.58026842954351e-161	0.278440462138038	0.426	0.289	3.39315237191583e-157	1	SURF4
GYG1	5.72280016359225e-157	0.273421099102224	0.311	0.184	1.22879965112653e-152	1	GYG1
RPL22L1	7.04949397670775e-157	0.254187972747779	0.689	0.561	1.51366734667869e-152	1	RPL22L1
SEPT6	2.88566190767761e-155	0.272003352684924	0.548	0.418	6.19609324816537e-151	1	SEPT6
SLC25A39	5.35068032743477e-155	0.260713706536652	0.303	0.179	1.14889807990679e-150	1	SLC25A39
AC103591.3	6.15710855368878e-155	0.37920717085453	0.261	0.144	1.32205434864806e-150	1	AC103591.3
HIST1H1C	1.14801047019306e-153	0.34152731893606	0.42	0.286	2.46500808159855e-149	1	HIST1H1C
FOXO3	4.80316784793569e-153	0.269423534402023	0.282	0.162	1.03133620030875e-148	1	FOXO3
EIF3B	8.93571413145112e-152	0.258169452448906	0.318	0.193	1.91867653830518e-147	1	EIF3B
YWHAH	6.9475977826117e-150	0.293134395734076	0.323	0.198	1.49178819588238e-145	1	YWHAH
CCDC107	3.70517727712376e-148	0.309167809350132	0.536	0.414	7.95575664944014e-144	1	CCDC107
IDI1	4.1307548201052e-144	0.264999533080519	0.652	0.536	8.86955674972988e-140	1	IDI1
PRR7	8.38854697405209e-144	0.292363683578672	0.538	0.415	1.80118880626846e-139	1	PRR7
DUSP1	8.24023922374051e-142	0.250309808135136	0.969	0.937	1.76934416612156e-137	1	DUSP1
EIF1AX	1.08887068212896e-140	0.258392001892016	0.642	0.526	2.3380231286673e-136	1	EIF1AX
HECTD1	1.08264852045055e-139	0.29131512036065	0.296	0.181	2.32466290311142e-135	1	HECTD1
DBF4	2.48682492350615e-138	0.264096420662273	0.37	0.246	5.33971047575241e-134	1	DBF4
ECH1	6.19926374606172e-137	0.256620354710325	0.488	0.361	1.33110591155437e-132	1	ECH1
RGCC	3.86228083956539e-136	0.366603645830931	0.651	0.54	8.29308941871481e-132	1	RGCC
ARF4	7.38094487026114e-134	0.264933254693716	0.502	0.376	1.58483648254247e-129	1	ARF4
MPG	4.32196643296792e-132	0.260320550112081	0.295	0.183	9.28012632486871e-128	1	MPG
CLIC3	6.17870959467458e-130	0.258368385096168	0.776	0.682	1.32669252416853e-125	1	CLIC3
FAM43A	2.81504130406617e-123	0.261309046147052	0.37	0.252	6.04445668809089e-119	1	FAM43A
SNHG9	2.99895653288011e-120	0.271005349616932	0.526	0.414	6.43935946740017e-116	1	SNHG9
EOMES	4.64440654717865e-113	0.265722843920214	0.289	0.185	9.972469738102e-109	1	EOMES
AL118516.1	3.2919491329204e-111	0.284883578003115	0.478	0.371	7.06847317820668e-107	1	AL118516.1
THAP2	5.34401001021577e-111	0.352654051896672	0.461	0.355	1.14746582939353e-106	1	THAP2
H1FX	2.34230229511348e-96	0.323408114391602	0.647	0.572	5.02939148806767e-92	1	H1FX
ILF3-DT	7.76504130418544e-93	0.350575540167264	0.509	0.414	1.6673096688347e-88	1	ILF3-DT
CCL3L1	7.09643103619335e-49	0.297719214380339	0.552	0.481	1.52374567209144e-44	1	CCL3L1
IL7R	0	1.81135677703877	0.68	0.05	0	2	IL7R
LMNA	0	1.25506518044894	0.853	0.402	0	2	LMNA
SELL	0	1.12331846616754	0.567	0.077	0	2	SELL
CD44	0	1.02456232198529	0.906	0.484	0	2	CD44
GNLY1	0	0.979370468269752	0.958	0.636	0	2	GNLY
IGFBP2	0	0.862441344883148	0.388	0.041	0	2	IGFBP2
DUSP4	0	0.85450734187353	0.484	0.081	0	2	DUSP4
YBX3	0	0.830989642128058	0.401	0.072	0	2	YBX3
GPR183	0	0.782020708217235	0.398	0.058	0	2	GPR183
TNFRSF18	0	0.769816542411513	0.621	0.2	0	2	TNFRSF18
GNA15	0	0.597824525173765	0.278	0.026	0	2	GNA15
CAPG	0	0.588723632537178	0.371	0.058	0	2	CAPG
BMP2	0	0.572245110761099	0.253	0.011	0	2	BMP2
RPS24	0	0.449983421620026	1	1	0	2	RPS24
CD55	7.50930415959039e-307	0.825647961166105	0.816	0.382	1.61239778914725e-302	2	CD55
VIM	2.68289700903756e-305	1.17313266892815	0.958	0.82	5.76071645780545e-301	2	VIM
SPTSSB	6.46220724343395e-305	0.533903512454118	0.306	0.053	1.38756513931014e-300	2	SPTSSB
TPT1	4.33487125057877e-302	0.377854329569746	1	1	9.30783554924274e-298	2	TPT1
RPL13	9.02664360173762e-299	0.379312324372175	1	1	1.9382009141651e-294	2	RPL13
RPS14	5.5195171537489e-288	0.380487516185157	1	1	1.18515072325296e-283	2	RPS14
RPL28	5.06684729625837e-287	0.335704590061425	1	1	1.0879534514526e-282	2	RPL28
RPL13A	1.62998814269181e-276	0.465558528611644	1	0.992	3.49991053998785e-272	2	RPL13A
RPS18	2.71518924082365e-272	0.460153729371313	1	0.998	5.83005433789653e-268	2	RPS18
RPS23	4.91694718731962e-263	0.362329291081601	1	1	1.05576690006127e-258	2	RPS23
RGCC1	1.3398419395257e-259	0.981541720477484	0.881	0.572	2.87690861254959e-255	2	RGCC
RPS2	7.56384052154465e-244	0.381096166651307	0.999	0.999	1.62410783678607e-239	2	RPS2
RPL41	1.29139674662456e-238	0.287707375096566	1	1	2.77288709435226e-234	2	RPL41
KLRC11	1.05231312236401e-235	0.742147041471922	0.767	0.358	2.25952673634e-231	2	KLRC1
RPL10A	2.60587880634852e-232	0.426676520751048	0.997	0.986	5.59534297299154e-228	2	RPL10A
RPS12	1.58342887341988e-227	0.321890762757717	1	1	3.39993847700717e-223	2	RPS12
TMEM123	1.81486822806381e-225	0.639134393867797	0.526	0.185	3.8968850592986e-221	2	TMEM123
RPS27	1.67566290896419e-224	0.312697384743333	1	1	3.59798339812791e-220	2	RPS27
XCL11	1.77380869635754e-224	0.610839386359901	0.91	0.538	3.8087220328189e-220	2	XCL1
RPL32	1.6842633551915e-220	0.316629161697411	1	1	3.6164502762672e-216	2	RPL32
RPS28	6.57248291458645e-218	0.335626626015637	1	0.999	1.41124353142e-213	2	RPS28
RPS5	9.78529470346068e-216	0.400560293212793	0.999	0.985	2.10109847872708e-211	2	RPS5
RPL9	1.08451464967815e-214	0.379932959308038	0.999	0.994	2.32866985578892e-210	2	RPL9
RPL26	2.01313390332818e-213	0.341378595468583	1	0.998	4.32260111722626e-209	2	RPL26
IFI44L	4.00496036004346e-207	0.576627046353955	0.431	0.129	8.59945088508533e-203	2	IFI44L
RPS19	1.47783718105496e-204	0.368924014839076	1	0.999	3.1732119951612e-200	2	RPS19
RPL34	1.96626971767576e-204	0.312819332290157	1	1	4.2219743377934e-200	2	RPL34
RPL23A	3.8495081401964e-204	0.387630711678363	0.999	0.993	8.26566387862972e-200	2	RPL23A
RPS25	6.4492665938459e-202	0.347750341436503	1	0.995	1.38478652303059e-197	2	RPS25
RPL11	3.84266208558064e-196	0.289872042483	1	1	8.25096403015875e-192	2	RPL11
RRAD	5.50272012295216e-196	0.770859899495599	0.303	0.076	1.18154406480029e-191	2	RRAD
RPL19	2.21206147645855e-193	0.282505398449794	1	1	4.7497384022518e-189	2	RPL19
RPL29	1.99029111544726e-188	0.312318479844655	1	0.999	4.27355308308835e-184	2	RPL29
RPS3A	3.2914281943003e-178	0.287631486448471	1	1	7.0673546188016e-174	2	RPS3A
RPL18A	1.25352480269278e-175	0.321600221259628	1	0.998	2.69156845634194e-171	2	RPL18A
RPL8	2.70077140253134e-175	0.324419396582572	1	0.997	5.7990963555153e-171	2	RPL8
COTL11	2.03646721439208e-173	0.618173303202703	0.73	0.373	4.37270240274267e-169	2	COTL1
RPLP11	9.65742413961383e-173	0.295925919633524	1	1	2.07364211125788e-168	2	RPLP1
CXCR3	4.81254556356682e-169	0.500871585441824	0.341	0.102	1.03334978340907e-164	2	CXCR3
RPS6	7.05918226855595e-168	0.347342875008976	0.999	0.995	1.51574761670433e-163	2	RPS6
KLHL6	5.01404861924664e-166	0.405519226941504	0.268	0.067	1.07661651952464e-161	2	KLHL6
RPL36	4.2456101176496e-165	0.358191255143216	0.998	0.984	9.11617404461722e-161	2	RPL36
RPL7A	7.36784350665423e-165	0.28726445925166	1	0.999	1.5820233577488e-160	2	RPL7A
PIM3	1.08650908131953e-163	0.619375440418056	0.788	0.473	2.3329522994093e-159	2	PIM3
RPS9	1.73350409695508e-159	0.367411251574343	0.992	0.976	3.72217999698194e-155	2	RPS9
GRASP	8.84028709382679e-152	0.619561351691908	0.832	0.529	1.89818644478649e-147	2	GRASP
PLP2	6.32703184262016e-144	0.598381172348436	0.543	0.251	1.3585402772474e-139	2	PLP2
RPL18	2.09786273172107e-141	0.266718921667011	1	0.998	4.50453085755148e-137	2	RPL18
RPL35A	5.1004761897343e-136	0.265360664959281	1	0.998	1.09517424745975e-131	2	RPL35A
RPL37	1.60313496093044e-134	0.255806007296539	1	0.999	3.44225138810984e-130	2	RPL37
RPL35	1.66981060781181e-133	0.347664141032134	0.991	0.958	3.58541733709352e-129	2	RPL35
TCF7	1.21615851591845e-130	0.513210407042165	0.578	0.289	2.6113355653801e-126	2	TCF7
RPL24	2.25536097470758e-129	0.28440071990291	1	0.994	4.84271108489212e-125	2	RPL24
RPL37A	1.05675048284514e-128	0.2927084973046	0.999	0.988	2.26905463676509e-124	2	RPL37A
RPLP0	1.12898764701325e-126	0.39571633515598	0.991	0.952	2.42416227566684e-122	2	RPLP0
RPL12	1.03589209975587e-124	0.267225545009332	1	0.998	2.2242675165958e-120	2	RPL12
FXYD5	1.15262873488284e-123	0.494930782411612	0.86	0.632	2.47492441954043e-119	2	FXYD5
RPS13	1.12540520216751e-121	0.255855872108166	1	0.998	2.41647005009407e-117	2	RPS13
RPSA	1.16413960108638e-115	0.316240025979674	0.999	0.987	2.49964055145267e-111	2	RPSA
TAGLN2	1.7519682328602e-115	0.497359299603471	0.91	0.769	3.76182618959742e-111	2	TAGLN2
RPS29	4.24521317530625e-115	0.26201761563576	0.999	0.995	9.11532173001757e-111	2	RPS29
PLK2	1.6008091360619e-109	0.467347502343391	0.38	0.155	3.43725737695212e-105	2	PLK2
MYC	6.28219473475311e-107	0.405895991583877	0.271	0.091	1.34891285344619e-102	2	MYC
EZR	1.70277379561586e-106	0.534878514699131	0.821	0.623	3.65619589394638e-102	2	EZR
XCL21	1.49548698120566e-104	0.46545369782125	0.924	0.74	3.2111096460448e-100	2	XCL2
RPL21	1.62934413161056e-104	0.255821714615766	1	0.999	3.4985277193942e-100	2	RPL21
RPL3	1.56644748012473e-102	0.279273399538725	0.999	0.994	3.36347602932382e-98	2	RPL3
PMEPA1	2.46673158826727e-102	0.414228969807332	0.255	0.084	5.29656606632747e-98	2	PMEPA1
RPS16	6.94962994646553e-102	0.262574685459863	0.996	0.988	1.49222454210508e-97	2	RPS16
RPS21	6.3272234454879e-101	0.252070122509958	1	0.99	1.35858141821516e-96	2	RPS21
RPL27A	7.15957196557504e-100	0.370141402256777	0.947	0.829	1.53730329244827e-95	2	RPL27A
RPL38	5.17650528266032e-96	0.311721988746416	0.986	0.917	1.11149921429282e-91	2	RPL38
LY6E	7.45590396660161e-96	0.439341353486761	0.859	0.687	1.6009316997087e-91	2	LY6E
REL1	1.88876549693794e-92	0.361673052844513	0.962	0.873	4.05555727502515e-88	2	REL
RPL27	2.5786792580206e-92	0.293337174425189	0.981	0.938	5.53694010282183e-88	2	RPL27
LDLRAD4	1.48938566011799e-90	0.442615244994203	0.264	0.095	3.19800888940534e-86	2	LDLRAD4
RPS11	2.3865018932342e-90	0.309220455353452	0.978	0.936	5.12429686515248e-86	2	RPS11
NINJ1	7.95623040106663e-89	0.453993554527027	0.646	0.395	1.70836179171703e-84	2	NINJ1
PRDX1	3.14952049323518e-83	0.486988929671932	0.457	0.237	6.76265040307458e-79	2	PRDX1
N4BP3	4.68343128575763e-83	0.333028164160893	0.253	0.093	1.00562636567788e-78	2	N4BP3
HSPD1	1.20160130911179e-81	0.553710386234999	0.886	0.753	2.58007833092483e-77	2	HSPD1
RPL23	5.98076955330588e-80	0.31510983047325	0.946	0.847	1.28419083848584e-75	2	RPL23
RPL31	8.1680664143871e-80	0.30784889340731	0.937	0.842	1.7538472204972e-75	2	RPL31
TNFAIP3	2.13745284156349e-79	0.352682827152878	0.95	0.836	4.58953874140512e-75	2	TNFAIP3
STARD10	7.96200936397587e-77	0.314416318225668	0.285	0.116	1.7096026506329e-72	2	STARD10
CD521	1.03439699125212e-75	0.302349750600406	0.688	0.39	2.22105721961656e-71	2	CD52
RPL7	1.73440093986695e-74	0.275985952764403	0.979	0.931	3.72410569808232e-70	2	RPL7
C1orf162	4.51595712244106e-74	0.321247570021812	0.344	0.154	9.69666313330543e-70	2	C1orf162
CRTAM	1.62398783954407e-73	0.6189920084471	0.516	0.299	3.48702668906903e-69	2	CRTAM
EEF1B2	2.36520980518237e-72	0.2614137367667	0.986	0.949	5.07857849368758e-68	2	EEF1B2
GADD45G1	1.16585901829309e-71	0.464022664061969	0.562	0.337	2.50333248407891e-67	2	GADD45G
IFITM31	2.91751521993284e-71	0.408089752210029	0.718	0.505	6.26448868023979e-67	2	IFITM3
RPS20	3.80244185916628e-71	0.263779715745486	0.969	0.918	8.16460316000184e-67	2	RPS20
HSPH11	2.21848746195765e-69	0.501720646127844	0.703	0.516	4.76353627831546e-65	2	HSPH1
SOCS3	1.10430603834843e-67	0.335389656005631	0.302	0.134	2.37116592554175e-63	2	SOCS3
SKI	3.95477887129417e-66	0.33130135618849	0.362	0.178	8.49170119244285e-62	2	SKI
NFKB1	3.78994535496158e-64	0.369445307044884	0.748	0.539	8.1377706661735e-60	2	NFKB1
AHNAK1	5.49310563703987e-64	0.382829159681547	0.513	0.296	1.1794796423852e-59	2	AHNAK
IFI6	2.32337480818217e-62	0.409589965545658	0.454	0.259	4.98875038812875e-58	2	IFI6
IGHG4	4.86009047498174e-60	0.332011969012058	0.341	0.162	1.04355862678808e-55	2	IGHG4
RALA	6.19708014115071e-60	0.283505101213628	0.262	0.115	1.33063704790788e-55	2	RALA
IL18	7.2207985160882e-60	0.290451941477967	0.255	0.11	1.55044985737446e-55	2	IL18
ISG15	8.25159154735214e-60	0.536178540846031	0.631	0.459	1.77178173704745e-55	2	ISG15
RBPJ	9.0635686489506e-59	0.388691905302633	0.311	0.153	1.94612946030267e-54	2	RBPJ
RARA	6.01719247422099e-58	0.316263728746585	0.297	0.141	1.29201156806473e-53	2	RARA
IRF7	2.44596933780229e-55	0.377942447333991	0.487	0.299	5.25198536212907e-51	2	IRF7
LRRFIP11	6.32019405935057e-55	0.355864301737091	0.794	0.637	1.35707206842375e-50	2	LRRFIP1
MRPS6	3.99398866747812e-54	0.448714359114079	0.5	0.31	8.57589246680902e-50	2	MRPS6
RGS16	1.38385405870122e-53	0.343640204995477	0.338	0.175	2.97141143484326e-49	2	RGS16
MAFF	2.44301871841245e-53	0.357269620671394	0.72	0.543	5.24564979217521e-49	2	MAFF
PGK1	9.93119180744284e-53	0.381548225645965	0.802	0.649	2.13242550489413e-48	2	PGK1
AREG1	2.08629233046319e-52	0.284056790385288	0.896	0.719	4.47968689197055e-48	2	AREG
FAM129A	1.21124489625801e-51	0.278474896130037	0.287	0.139	2.60078504124521e-47	2	FAM129A
SMAP2	4.06872204319205e-51	0.328345755418292	0.834	0.685	8.73635997114196e-47	2	SMAP2
GZMK1	8.22722026807122e-51	0.258968682862883	0.772	0.519	1.76654873596025e-46	2	GZMK
MYADM	2.94484228550296e-50	0.340160858451973	0.745	0.566	6.32316535543197e-46	2	MYADM
NSMCE1	3.9490255117151e-50	0.279237575120807	0.29	0.142	8.47934757875465e-46	2	NSMCE1
CD2	2.86703493366938e-49	0.327625429918765	0.584	0.385	6.1560974095749e-45	2	CD2
HSPE1	8.61046430252364e-49	0.509557880978216	0.92	0.87	1.84883889503788e-44	2	HSPE1
NOP53	9.13648611735593e-49	0.31352837623963	0.74	0.563	1.96178629911867e-44	2	NOP53
HSPB11	1.40010691171198e-48	0.63556182714432	0.589	0.421	3.00630956082797e-44	2	HSPB1
MAP2K3	7.52546342510626e-47	0.344380922265484	0.551	0.375	1.61586750663882e-42	2	MAP2K3
ITGAX	1.61946181515236e-45	0.277672166846874	0.274	0.138	3.47730840949515e-41	2	ITGAX
IGHG3	1.60733933064209e-44	0.254605503888977	0.277	0.135	3.4512790107547e-40	2	IGHG3
HLA-DRA1	2.58738675073826e-44	0.363025962059035	0.362	0.206	5.5556368311852e-40	2	HLA-DRA
ATP1B1	4.19982483376599e-44	0.273922067166554	0.307	0.162	9.01786388306234e-40	2	ATP1B1
LDHA1	8.78749946867204e-44	0.270695952784767	0.925	0.843	1.88685188591326e-39	2	LDHA
FAM177A11	2.2582719060597e-43	0.276944258386623	0.877	0.748	4.84896143669139e-39	2	FAM177A1
IGLC2	2.63903432609102e-43	0.352209794696265	0.334	0.181	5.66653450498264e-39	2	IGLC2
IGKC1	4.07830111545867e-42	0.351284234797488	0.53	0.342	8.75692815511285e-38	2	IGKC
HINT1	4.86459506510417e-41	0.250975686900986	0.885	0.78	1.04452585237917e-36	2	HINT1
IRS2	1.23900054787268e-40	0.264292054856996	0.418	0.252	2.66038197639221e-36	2	IRS2
FKBP41	5.79318013279639e-40	0.359013498071432	0.357	0.209	1.24391163811404e-35	2	FKBP4
SLC7A5	6.35567527487946e-40	0.294730392547147	0.457	0.292	1.36469059502212e-35	2	SLC7A5
RASGEF1B	1.38733357580452e-39	0.284018721476406	0.419	0.258	2.97888265396746e-35	2	RASGEF1B
NUDC	1.92124853727984e-39	0.370395369242351	0.487	0.33	4.12530485924728e-35	2	NUDC
POLR2K	3.55579035733232e-39	0.320383598439008	0.635	0.467	7.63499305526396e-35	2	POLR2K
FAM107B	1.01451978318081e-34	0.371212063302447	0.629	0.49	2.17837687844584e-30	2	FAM107B
VSIR	1.81204683574088e-34	0.250666956412209	0.397	0.246	3.89082696570283e-30	2	VSIR
CRIP1	2.18318243829389e-34	0.308066568035552	0.331	0.2	4.68772933150464e-30	2	CRIP1
RPL36A	9.66940705601354e-34	0.251778645381149	0.838	0.735	2.07621508306723e-29	2	RPL36A
SOD11	1.0914672211341e-32	0.360297541912324	0.72	0.595	2.34359841721914e-28	2	SOD1
CD83	7.79306146244975e-25	0.276109550701327	0.621	0.49	1.67332615721721e-20	2	CD83
